128
2
30000.0,31000.0,32000.0,31000.0,34000.0,34000.0,32000.0,34000.0,40000.0,38000.0,88000.0,38000.0,37000.0,31000.0,34000.0,30000.0,29000.0,34000.0,33000.0,43000.0,31000.0,32000.0,34000.0,31000.0,30000.0,33000.0,30000.0,30000.0,31000.0,28000.0,31000.0,29000.0,30000.0,32000.0,28000.0,28000.0,28000.0,28000.0,33000.0,49000.0,48000.0,41000.0,46000.0,31000.0,30000.0,27000.0,29000.0,29000.0,27000.0,27000.0,27000.0,27000.0,26000.0,29000.0,27000.0,27000.0,27000.0,26000.0,28000.0,27000.0,26000.0,27000.0,28000.0,27000.0,27000.0,26000.0,27000.0,28000.0,26000.0,27000.0,26000.0,26000.0,27000.0,27000.0,26000.0,27000.0,26000.0,27000.0,27000.0,26000.0,27000.0,27000.0,27000.0,26000.0,27000.0,28000.0,26000.0,27000.0,26000.0,27000.0,27000.0,27000.0,26000.0,27000.0,26000.0,27000.0,28000.0,27000.0,27000.0,27000.0
128
3
28000.0,29000.0,29000.0,28000.0,28000.0,28000.0,29000.0,28000.0,28000.0,29000.0,30000.0,30000.0,29000.0,28000.0,28000.0,28000.0,30000.0,28000.0,30000.0,28000.0,28000.0,29000.0,28000.0,30000.0,30000.0,30000.0,30000.0,31000.0,32000.0,32000.0,30000.0,30000.0,29000.0,54000.0,30000.0,29000.0,32000.0,29000.0,28000.0,30000.0,30000.0,33000.0,31000.0,35000.0,32000.0,34000.0,32000.0,35000.0,29000.0,31000.0,31000.0,30000.0,28000.0,29000.0,28000.0,28000.0,29000.0,28000.0,31000.0,28000.0,30000.0,38000.0,28000.0,31000.0,29000.0,29000.0,31000.0,28000.0,29000.0,28000.0,29000.0,28000.0,30000.0,30000.0,29000.0,29000.0,29000.0,28000.0,30000.0,30000.0,28000.0,32000.0,29000.0,34000.0,29000.0,30000.0,30000.0,30000.0,30000.0,30000.0,30000.0,29000.0,29000.0,30000.0,29000.0,28000.0,28000.0,30000.0,31000.0,49000.0
128
4
60000.0,38000.0,36000.0,49000.0,33000.0,33000.0,32000.0,41000.0,47000.0,35000.0,38000.0,34000.0,34000.0,33000.0,32000.0,32000.0,31000.0,31000.0,31000.0,30000.0,30000.0,31000.0,31000.0,30000.0,31000.0,54000.0,31000.0,30000.0,31000.0,31000.0,32000.0,32000.0,31000.0,32000.0,30000.0,31000.0,32000.0,30000.0,31000.0,32000.0,31000.0,31000.0,30000.0,32000.0,34000.0,30000.0,32000.0,35000.0,31000.0,33000.0,32000.0,30000.0,30000.0,31000.0,30000.0,31000.0,30000.0,31000.0,31000.0,38000.0,34000.0,32000.0,33000.0,33000.0,33000.0,59000.0,32000.0,51000.0,46000.0,34000.0,100000.0,33000.0,30000.0,30000.0,31000.0,31000.0,32000.0,32000.0,32000.0,32000.0,31000.0,31000.0,30000.0,31000.0,32000.0,31000.0,32000.0,31000.0,31000.0,31000.0,30000.0,31000.0,30000.0,30000.0,32000.0,40000.0,31000.0,31000.0,31000.0,33000.0
128
5
33000.0,32000.0,33000.0,33000.0,33000.0,33000.0,34000.0,33000.0,32000.0,33000.0,34000.0,35000.0,33000.0,33000.0,32000.0,34000.0,34000.0,34000.0,34000.0,32000.0,32000.0,33000.0,32000.0,34000.0,33000.0,33000.0,33000.0,34000.0,34000.0,32000.0,35000.0,34000.0,34000.0,34000.0,33000.0,33000.0,32000.0,34000.0,32000.0,33000.0,32000.0,35000.0,34000.0,34000.0,33000.0,35000.0,33000.0,33000.0,35000.0,32000.0,33000.0,35000.0,33000.0,33000.0,33000.0,33000.0,32000.0,33000.0,33000.0,34000.0,37000.0,36000.0,35000.0,35000.0,35000.0,36000.0,35000.0,35000.0,34000.0,36000.0,39000.0,37000.0,34000.0,35000.0,34000.0,32000.0,32000.0,33000.0,32000.0,33000.0,36000.0,32000.0,33000.0,32000.0,34000.0,34000.0,33000.0,32000.0,33000.0,32000.0,33000.0,32000.0,32000.0,33000.0,32000.0,34000.0,40000.0,32000.0,32000.0,33000.0
128
6
36000.0,36000.0,36000.0,37000.0,35000.0,36000.0,36000.0,36000.0,35000.0,36000.0,34000.0,34000.0,35000.0,35000.0,35000.0,35000.0,34000.0,35000.0,41000.0,39000.0,37000.0,37000.0,36000.0,35000.0,46000.0,38000.0,36000.0,45000.0,38000.0,117000.0,35000.0,34000.0,35000.0,34000.0,38000.0,36000.0,34000.0,34000.0,35000.0,35000.0,34000.0,34000.0,35000.0,35000.0,35000.0,34000.0,34000.0,34000.0,35000.0,36000.0,34000.0,34000.0,37000.0,35000.0,34000.0,38000.0,36000.0,41000.0,37000.0,35000.0,37000.0,41000.0,34000.0,38000.0,37000.0,35000.0,35000.0,36000.0,35000.0,34000.0,35000.0,34000.0,36000.0,34000.0,36000.0,35000.0,37000.0,39000.0,38000.0,38000.0,39000.0,37000.0,55000.0,38000.0,46000.0,42000.0,39000.0,81000.0,36000.0,37000.0,34000.0,36000.0,35000.0,34000.0,34000.0,34000.0,35000.0,35000.0,34000.0,34000.0
256
2
26000.0,44000.0,27000.0,27000.0,27000.0,26000.0,27000.0,27000.0,26000.0,26000.0,27000.0,27000.0,27000.0,27000.0,26000.0,29000.0,27000.0,29000.0,28000.0,28000.0,28000.0,26000.0,28000.0,31000.0,29000.0,28000.0,27000.0,27000.0,27000.0,28000.0,28000.0,28000.0,27000.0,26000.0,27000.0,32000.0,30000.0,29000.0,28000.0,28000.0,29000.0,41000.0,29000.0,33000.0,47000.0,29000.0,28000.0,29000.0,30000.0,27000.0,28000.0,26000.0,27000.0,26000.0,42000.0,28000.0,27000.0,28000.0,26000.0,27000.0,28000.0,26000.0,26000.0,26000.0,28000.0,27000.0,27000.0,26000.0,26000.0,26000.0,27000.0,27000.0,27000.0,27000.0,26000.0,50000.0,31000.0,28000.0,27000.0,29000.0,27000.0,30000.0,28000.0,28000.0,26000.0,26000.0,28000.0,27000.0,26000.0,28000.0,28000.0,26000.0,27000.0,26000.0,32000.0,31000.0,30000.0,30000.0,30000.0,30000.0
256
3
47000.0,41000.0,42000.0,39000.0,35000.0,39000.0,31000.0,30000.0,28000.0,29000.0,28000.0,29000.0,29000.0,31000.0,30000.0,30000.0,29000.0,30000.0,28000.0,65000.0,30000.0,29000.0,29000.0,30000.0,29000.0,29000.0,29000.0,29000.0,29000.0,28000.0,31000.0,28000.0,28000.0,30000.0,30000.0,29000.0,31000.0,29000.0,28000.0,30000.0,31000.0,28000.0,29000.0,30000.0,30000.0,30000.0,30000.0,30000.0,30000.0,28000.0,29000.0,28000.0,29000.0,30000.0,30000.0,29000.0,29000.0,29000.0,28000.0,28000.0,28000.0,28000.0,28000.0,29000.0,29000.0,28000.0,29000.0,28000.0,30000.0,31000.0,29000.0,29000.0,30000.0,30000.0,29000.0,29000.0,29000.0,29000.0,29000.0,31000.0,28000.0,30000.0,31000.0,29000.0,32000.0,31000.0,30000.0,28000.0,29000.0,30000.0,30000.0,28000.0,29000.0,31000.0,29000.0,28000.0,37000.0,35000.0,35000.0,33000.0
256
4
37000.0,31000.0,31000.0,33000.0,33000.0,33000.0,34000.0,50000.0,54000.0,32000.0,33000.0,30000.0,30000.0,31000.0,31000.0,31000.0,32000.0,32000.0,33000.0,32000.0,31000.0,30000.0,50000.0,30000.0,33000.0,31000.0,31000.0,30000.0,30000.0,33000.0,31000.0,32000.0,30000.0,32000.0,30000.0,30000.0,31000.0,31000.0,32000.0,31000.0,32000.0,34000.0,31000.0,32000.0,34000.0,31000.0,32000.0,33000.0,31000.0,31000.0,31000.0,31000.0,31000.0,32000.0,31000.0,32000.0,35000.0,34000.0,34000.0,34000.0,33000.0,31000.0,40000.0,38000.0,47000.0,44000.0,37000.0,56000.0,33000.0,31000.0,33000.0,30000.0,31000.0,31000.0,31000.0,32000.0,32000.0,31000.0,31000.0,32000.0,31000.0,31000.0,30000.0,30000.0,32000.0,31000.0,31000.0,30000.0,30000.0,31000.0,30000.0,31000.0,32000.0,30000.0,31000.0,31000.0,32000.0,34000.0,30000.0,32000.0
256
5
35000.0,34000.0,35000.0,35000.0,34000.0,34000.0,34000.0,34000.0,33000.0,33000.0,35000.0,33000.0,32000.0,33000.0,34000.0,36000.0,34000.0,36000.0,33000.0,34000.0,33000.0,76000.0,35000.0,37000.0,58000.0,44000.0,39000.0,34000.0,33000.0,33000.0,33000.0,32000.0,33000.0,34000.0,33000.0,33000.0,32000.0,34000.0,33000.0,32000.0,33000.0,33000.0,32000.0,33000.0,32000.0,33000.0,33000.0,32000.0,32000.0,32000.0,34000.0,33000.0,34000.0,33000.0,33000.0,33000.0,39000.0,36000.0,33000.0,34000.0,33000.0,35000.0,36000.0,34000.0,34000.0,33000.0,34000.0,33000.0,33000.0,34000.0,34000.0,34000.0,32000.0,34000.0,58000.0,36000.0,35000.0,34000.0,34000.0,35000.0,56000.0,37000.0,36000.0,36000.0,35000.0,51000.0,35000.0,36000.0,35000.0,32000.0,33000.0,33000.0,33000.0,34000.0,32000.0,33000.0,32000.0,35000.0,32000.0,58000.0
256
6
35000.0,35000.0,35000.0,35000.0,35000.0,35000.0,34000.0,35000.0,35000.0,35000.0,35000.0,35000.0,37000.0,37000.0,34000.0,37000.0,36000.0,36000.0,35000.0,35000.0,38000.0,38000.0,36000.0,35000.0,36000.0,37000.0,36000.0,35000.0,36000.0,34000.0,36000.0,34000.0,36000.0,41000.0,38000.0,38000.0,37000.0,36000.0,36000.0,36000.0,45000.0,43000.0,40000.0,37000.0,37000.0,36000.0,37000.0,36000.0,35000.0,35000.0,34000.0,35000.0,35000.0,34000.0,36000.0,34000.0,37000.0,36000.0,34000.0,35000.0,34000.0,36000.0,35000.0,34000.0,36000.0,36000.0,36000.0,34000.0,35000.0,34000.0,36000.0,34000.0,65000.0,36000.0,35000.0,34000.0,36000.0,35000.0,35000.0,36000.0,35000.0,34000.0,37000.0,35000.0,34000.0,34000.0,36000.0,35000.0,34000.0,34000.0,35000.0,35000.0,35000.0,36000.0,34000.0,35000.0,36000.0,35000.0,34000.0,35000.0
512
2
30000.0,28000.0,28000.0,29000.0,28000.0,28000.0,28000.0,28000.0,27000.0,27000.0,27000.0,26000.0,27000.0,29000.0,27000.0,27000.0,28000.0,28000.0,39000.0,29000.0,28000.0,28000.0,27000.0,29000.0,30000.0,27000.0,29000.0,29000.0,28000.0,27000.0,27000.0,27000.0,27000.0,28000.0,27000.0,28000.0,27000.0,32000.0,28000.0,29000.0,29000.0,30000.0,31000.0,29000.0,28000.0,40000.0,52000.0,28000.0,28000.0,28000.0,26000.0,27000.0,27000.0,28000.0,28000.0,27000.0,26000.0,28000.0,28000.0,28000.0,27000.0,28000.0,29000.0,27000.0,29000.0,28000.0,27000.0,29000.0,28000.0,27000.0,28000.0,28000.0,28000.0,26000.0,28000.0,26000.0,28000.0,28000.0,27000.0,26000.0,28000.0,27000.0,28000.0,28000.0,27000.0,28000.0,26000.0,26000.0,28000.0,28000.0,27000.0,26000.0,28000.0,27000.0,27000.0,26000.0,29000.0,27000.0,28000.0,26000.0
512
3
30000.0,31000.0,30000.0,29000.0,29000.0,30000.0,30000.0,29000.0,31000.0,29000.0,29000.0,31000.0,29000.0,30000.0,28000.0,28000.0,30000.0,29000.0,29000.0,29000.0,30000.0,29000.0,29000.0,31000.0,29000.0,31000.0,29000.0,29000.0,30000.0,30000.0,29000.0,30000.0,29000.0,31000.0,30000.0,30000.0,30000.0,29000.0,31000.0,29000.0,29000.0,28000.0,31000.0,29000.0,31000.0,28000.0,29000.0,29000.0,29000.0,30000.0,30000.0,29000.0,30000.0,29000.0,29000.0,29000.0,30000.0,28000.0,30000.0,29000.0,29000.0,29000.0,29000.0,29000.0,30000.0,30000.0,29000.0,31000.0,30000.0,30000.0,29000.0,31000.0,29000.0,29000.0,29000.0,30000.0,28000.0,29000.0,30000.0,29000.0,29000.0,30000.0,29000.0,29000.0,31000.0,32000.0,29000.0,30000.0,29000.0,29000.0,30000.0,29000.0,29000.0,30000.0,30000.0,30000.0,29000.0,29000.0,30000.0,29000.0
512
4
31000.0,33000.0,31000.0,33000.0,31000.0,31000.0,31000.0,31000.0,32000.0,34000.0,31000.0,33000.0,34000.0,31000.0,31000.0,31000.0,31000.0,31000.0,31000.0,32000.0,30000.0,31000.0,31000.0,31000.0,31000.0,32000.0,31000.0,31000.0,32000.0,31000.0,31000.0,32000.0,32000.0,31000.0,39000.0,31000.0,31000.0,31000.0,31000.0,31000.0,31000.0,33000.0,32000.0,30000.0,31000.0,31000.0,32000.0,32000.0,33000.0,32000.0,31000.0,31000.0,31000.0,31000.0,33000.0,31000.0,31000.0,31000.0,31000.0,31000.0,32000.0,31000.0,31000.0,31000.0,32000.0,32000.0,30000.0,30000.0,30000.0,32000.0,31000.0,31000.0,31000.0,31000.0,31000.0,32000.0,31000.0,31000.0,31000.0,31000.0,32000.0,33000.0,31000.0,32000.0,31000.0,30000.0,31000.0,31000.0,31000.0,32000.0,34000.0,32000.0,31000.0,31000.0,32000.0,33000.0,32000.0,31000.0,33000.0,46000.0
512
5
34000.0,34000.0,33000.0,35000.0,33000.0,34000.0,34000.0,35000.0,34000.0,33000.0,34000.0,34000.0,33000.0,32000.0,33000.0,33000.0,34000.0,35000.0,33000.0,34000.0,34000.0,33000.0,33000.0,33000.0,34000.0,33000.0,33000.0,32000.0,32000.0,32000.0,34000.0,34000.0,32000.0,33000.0,34000.0,33000.0,32000.0,34000.0,34000.0,48000.0,52000.0,96000.0,68000.0,76000.0,61000.0,56000.0,41000.0,41000.0,39000.0,55000.0,38000.0,38000.0,36000.0,37000.0,36000.0,37000.0,36000.0,36000.0,57000.0,40000.0,39000.0,40000.0,38000.0,40000.0,38000.0,37000.0,37000.0,37000.0,35000.0,36000.0,36000.0,37000.0,37000.0,36000.0,34000.0,48000.0,51000.0,56000.0,36000.0,53000.0,34000.0,34000.0,33000.0,35000.0,34000.0,33000.0,36000.0,34000.0,66000.0,39000.0,37000.0,37000.0,37000.0,57000.0,41000.0,43000.0,41000.0,85000.0,40000.0,38000.0
512
6
41000.0,41000.0,39000.0,41000.0,39000.0,36000.0,39000.0,36000.0,51000.0,36000.0,38000.0,37000.0,37000.0,36000.0,35000.0,35000.0,34000.0,35000.0,36000.0,35000.0,35000.0,36000.0,34000.0,36000.0,35000.0,35000.0,36000.0,36000.0,36000.0,37000.0,36000.0,38000.0,36000.0,36000.0,36000.0,35000.0,35000.0,35000.0,36000.0,36000.0,35000.0,35000.0,38000.0,37000.0,41000.0,40000.0,37000.0,37000.0,37000.0,57000.0,40000.0,37000.0,39000.0,39000.0,49000.0,39000.0,37000.0,37000.0,37000.0,36000.0,36000.0,35000.0,36000.0,35000.0,36000.0,35000.0,35000.0,36000.0,36000.0,36000.0,34000.0,35000.0,37000.0,36000.0,34000.0,35000.0,34000.0,37000.0,35000.0,35000.0,34000.0,36000.0,36000.0,38000.0,36000.0,36000.0,36000.0,37000.0,35000.0,35000.0,35000.0,35000.0,35000.0,37000.0,35000.0,36000.0,38000.0,35000.0,35000.0,35000.0
1024
2
28000.0,26000.0,28000.0,28000.0,29000.0,27000.0,28000.0,28000.0,28000.0,28000.0,28000.0,27000.0,28000.0,28000.0,29000.0,29000.0,46000.0,28000.0,27000.0,27000.0,28000.0,29000.0,28000.0,27000.0,28000.0,28000.0,29000.0,28000.0,28000.0,28000.0,28000.0,28000.0,28000.0,29000.0,29000.0,27000.0,27000.0,27000.0,29000.0,28000.0,27000.0,28000.0,27000.0,27000.0,27000.0,28000.0,29000.0,30000.0,28000.0,29000.0,27000.0,29000.0,27000.0,27000.0,28000.0,28000.0,28000.0,28000.0,29000.0,27000.0,29000.0,28000.0,28000.0,27000.0,27000.0,28000.0,26000.0,27000.0,27000.0,28000.0,28000.0,28000.0,28000.0,37000.0,30000.0,28000.0,27000.0,31000.0,30000.0,29000.0,29000.0,28000.0,28000.0,28000.0,27000.0,28000.0,28000.0,28000.0,29000.0,29000.0,33000.0,31000.0,34000.0,43000.0,34000.0,34000.0,31000.0,29000.0,30000.0,29000.0
1024
3
30000.0,31000.0,30000.0,31000.0,31000.0,30000.0,30000.0,31000.0,31000.0,30000.0,31000.0,30000.0,30000.0,29000.0,30000.0,30000.0,30000.0,53000.0,31000.0,29000.0,30000.0,30000.0,31000.0,31000.0,30000.0,30000.0,30000.0,29000.0,30000.0,33000.0,29000.0,32000.0,30000.0,30000.0,32000.0,33000.0,30000.0,29000.0,31000.0,30000.0,30000.0,31000.0,30000.0,29000.0,31000.0,30000.0,32000.0,35000.0,33000.0,33000.0,35000.0,42000.0,35000.0,37000.0,32000.0,32000.0,31000.0,30000.0,31000.0,30000.0,30000.0,29000.0,53000.0,30000.0,31000.0,30000.0,29000.0,31000.0,31000.0,36000.0,32000.0,30000.0,30000.0,30000.0,30000.0,30000.0,30000.0,31000.0,29000.0,29000.0,30000.0,31000.0,30000.0,30000.0,30000.0,30000.0,29000.0,29000.0,30000.0,29000.0,29000.0,30000.0,31000.0,41000.0,31000.0,30000.0,31000.0,29000.0,31000.0,30000.0
1024
4
32000.0,31000.0,32000.0,31000.0,32000.0,32000.0,32000.0,33000.0,32000.0,33000.0,32000.0,32000.0,32000.0,32000.0,32000.0,32000.0,32000.0,33000.0,33000.0,32000.0,32000.0,32000.0,31000.0,32000.0,31000.0,32000.0,32000.0,34000.0,33000.0,32000.0,33000.0,34000.0,33000.0,33000.0,34000.0,32000.0,34000.0,33000.0,32000.0,33000.0,32000.0,32000.0,32000.0,32000.0,32000.0,31000.0,31000.0,34000.0,33000.0,38000.0,36000.0,39000.0,43000.0,42000.0,43000.0,38000.0,31000.0,35000.0,32000.0,31000.0,31000.0,32000.0,32000.0,41000.0,32000.0,34000.0,32000.0,32000.0,34000.0,32000.0,31000.0,31000.0,34000.0,33000.0,31000.0,32000.0,32000.0,32000.0,31000.0,32000.0,32000.0,34000.0,31000.0,33000.0,34000.0,32000.0,32000.0,32000.0,32000.0,33000.0,32000.0,33000.0,32000.0,32000.0,33000.0,31000.0,32000.0,33000.0,32000.0,32000.0
1024
5
33000.0,34000.0,35000.0,34000.0,33000.0,34000.0,33000.0,35000.0,36000.0,33000.0,35000.0,36000.0,38000.0,33000.0,33000.0,34000.0,34000.0,34000.0,35000.0,33000.0,34000.0,34000.0,35000.0,34000.0,33000.0,34000.0,34000.0,35000.0,34000.0,35000.0,33000.0,35000.0,35000.0,34000.0,34000.0,34000.0,35000.0,34000.0,33000.0,34000.0,34000.0,34000.0,33000.0,34000.0,34000.0,34000.0,34000.0,34000.0,33000.0,33000.0,34000.0,35000.0,34000.0,33000.0,35000.0,34000.0,34000.0,34000.0,34000.0,34000.0,34000.0,33000.0,34000.0,34000.0,34000.0,35000.0,34000.0,34000.0,33000.0,35000.0,33000.0,37000.0,34000.0,35000.0,34000.0,35000.0,35000.0,35000.0,33000.0,33000.0,35000.0,34000.0,34000.0,34000.0,34000.0,35000.0,35000.0,34000.0,34000.0,34000.0,34000.0,34000.0,34000.0,33000.0,34000.0,35000.0,33000.0,34000.0,33000.0,35000.0
1024
6
36000.0,35000.0,35000.0,35000.0,37000.0,36000.0,36000.0,37000.0,36000.0,36000.0,36000.0,35000.0,36000.0,36000.0,36000.0,36000.0,35000.0,37000.0,36000.0,35000.0,38000.0,36000.0,37000.0,42000.0,36000.0,38000.0,37000.0,37000.0,36000.0,35000.0,36000.0,38000.0,37000.0,37000.0,37000.0,37000.0,36000.0,37000.0,43000.0,42000.0,39000.0,38000.0,37000.0,41000.0,40000.0,45000.0,41000.0,47000.0,39000.0,38000.0,38000.0,39000.0,37000.0,38000.0,37000.0,36000.0,36000.0,36000.0,36000.0,35000.0,35000.0,36000.0,35000.0,36000.0,36000.0,37000.0,37000.0,35000.0,36000.0,35000.0,35000.0,36000.0,36000.0,36000.0,36000.0,36000.0,36000.0,45000.0,35000.0,35000.0,37000.0,37000.0,36000.0,36000.0,35000.0,36000.0,36000.0,35000.0,37000.0,36000.0,37000.0,37000.0,36000.0,36000.0,36000.0,36000.0,36000.0,36000.0,36000.0,35000.0
2048
2
28000.0,29000.0,30000.0,31000.0,30000.0,29000.0,30000.0,29000.0,28000.0,30000.0,28000.0,28000.0,29000.0,29000.0,29000.0,29000.0,29000.0,30000.0,30000.0,29000.0,29000.0,28000.0,30000.0,30000.0,29000.0,29000.0,28000.0,29000.0,30000.0,29000.0,29000.0,29000.0,29000.0,30000.0,29000.0,29000.0,30000.0,28000.0,44000.0,30000.0,30000.0,28000.0,29000.0,28000.0,28000.0,29000.0,29000.0,28000.0,31000.0,29000.0,29000.0,30000.0,29000.0,28000.0,29000.0,29000.0,29000.0,29000.0,29000.0,29000.0,29000.0,29000.0,30000.0,30000.0,29000.0,28000.0,29000.0,29000.0,28000.0,29000.0,29000.0,28000.0,29000.0,29000.0,29000.0,29000.0,32000.0,29000.0,30000.0,31000.0,31000.0,30000.0,28000.0,29000.0,28000.0,29000.0,31000.0,30000.0,29000.0,29000.0,30000.0,30000.0,30000.0,29000.0,28000.0,28000.0,30000.0,29000.0,30000.0,28000.0
2048
3
31000.0,32000.0,33000.0,30000.0,32000.0,32000.0,32000.0,33000.0,32000.0,32000.0,33000.0,34000.0,32000.0,32000.0,32000.0,32000.0,31000.0,32000.0,34000.0,31000.0,31000.0,30000.0,32000.0,56000.0,34000.0,34000.0,36000.0,49000.0,55000.0,41000.0,36000.0,39000.0,34000.0,33000.0,34000.0,33000.0,32000.0,33000.0,31000.0,31000.0,30000.0,31000.0,31000.0,33000.0,31000.0,30000.0,32000.0,32000.0,31000.0,33000.0,31000.0,31000.0,31000.0,32000.0,31000.0,31000.0,32000.0,31000.0,31000.0,31000.0,31000.0,31000.0,33000.0,32000.0,32000.0,33000.0,31000.0,32000.0,33000.0,31000.0,32000.0,31000.0,32000.0,31000.0,35000.0,32000.0,31000.0,31000.0,31000.0,32000.0,36000.0,36000.0,33000.0,51000.0,37000.0,42000.0,39000.0,53000.0,61000.0,35000.0,33000.0,34000.0,34000.0,33000.0,33000.0,34000.0,32000.0,32000.0,33000.0,33000.0
2048
4
51000.0,34000.0,35000.0,33000.0,34000.0,34000.0,36000.0,33000.0,33000.0,33000.0,34000.0,32000.0,33000.0,34000.0,33000.0,34000.0,33000.0,33000.0,34000.0,33000.0,33000.0,33000.0,34000.0,33000.0,33000.0,33000.0,33000.0,33000.0,34000.0,33000.0,35000.0,33000.0,33000.0,33000.0,34000.0,33000.0,33000.0,32000.0,33000.0,34000.0,33000.0,75000.0,33000.0,33000.0,33000.0,33000.0,34000.0,32000.0,33000.0,35000.0,33000.0,33000.0,33000.0,33000.0,34000.0,34000.0,33000.0,33000.0,33000.0,34000.0,35000.0,33000.0,34000.0,34000.0,32000.0,35000.0,34000.0,33000.0,34000.0,33000.0,33000.0,34000.0,34000.0,33000.0,33000.0,34000.0,33000.0,41000.0,40000.0,36000.0,35000.0,37000.0,46000.0,37000.0,37000.0,38000.0,37000.0,34000.0,35000.0,35000.0,33000.0,34000.0,33000.0,34000.0,33000.0,35000.0,34000.0,34000.0,34000.0,36000.0
2048
5
35000.0,36000.0,37000.0,36000.0,35000.0,35000.0,35000.0,34000.0,36000.0,35000.0,34000.0,35000.0,35000.0,34000.0,35000.0,37000.0,36000.0,36000.0,36000.0,35000.0,36000.0,45000.0,36000.0,35000.0,35000.0,35000.0,38000.0,36000.0,34000.0,35000.0,36000.0,35000.0,36000.0,43000.0,38000.0,38000.0,39000.0,45000.0,40000.0,52000.0,38000.0,43000.0,40000.0,38000.0,35000.0,37000.0,37000.0,39000.0,36000.0,35000.0,35000.0,35000.0,51000.0,38000.0,36000.0,35000.0,36000.0,35000.0,36000.0,37000.0,34000.0,36000.0,35000.0,35000.0,35000.0,35000.0,35000.0,36000.0,35000.0,56000.0,35000.0,34000.0,37000.0,36000.0,36000.0,36000.0,35000.0,37000.0,36000.0,36000.0,35000.0,36000.0,35000.0,35000.0,36000.0,36000.0,35000.0,36000.0,37000.0,41000.0,40000.0,41000.0,40000.0,42000.0,49000.0,40000.0,50000.0,71000.0,41000.0,38000.0
2048
6
52000.0,39000.0,40000.0,38000.0,38000.0,37000.0,38000.0,38000.0,38000.0,37000.0,55000.0,39000.0,37000.0,36000.0,37000.0,36000.0,38000.0,37000.0,37000.0,36000.0,38000.0,37000.0,37000.0,38000.0,38000.0,37000.0,38000.0,39000.0,38000.0,37000.0,36000.0,38000.0,36000.0,39000.0,36000.0,37000.0,36000.0,38000.0,37000.0,40000.0,37000.0,37000.0,36000.0,37000.0,38000.0,37000.0,37000.0,45000.0,37000.0,37000.0,37000.0,37000.0,37000.0,37000.0,38000.0,37000.0,36000.0,37000.0,38000.0,37000.0,37000.0,37000.0,37000.0,36000.0,36000.0,38000.0,37000.0,37000.0,37000.0,39000.0,39000.0,42000.0,41000.0,37000.0,39000.0,39000.0,38000.0,37000.0,37000.0,37000.0,38000.0,37000.0,43000.0,38000.0,38000.0,37000.0,37000.0,45000.0,40000.0,43000.0,50000.0,42000.0,65000.0,115000.0,40000.0,38000.0,39000.0,38000.0,38000.0,38000.0
4096
2
56000.0,35000.0,32000.0,32000.0,32000.0,33000.0,62000.0,33000.0,33000.0,31000.0,35000.0,33000.0,33000.0,32000.0,32000.0,32000.0,32000.0,31000.0,33000.0,33000.0,31000.0,31000.0,31000.0,33000.0,35000.0,32000.0,31000.0,33000.0,33000.0,33000.0,33000.0,33000.0,31000.0,32000.0,32000.0,33000.0,32000.0,31000.0,31000.0,32000.0,33000.0,41000.0,36000.0,36000.0,43000.0,39000.0,45000.0,56000.0,56000.0,34000.0,33000.0,33000.0,33000.0,32000.0,33000.0,33000.0,33000.0,32000.0,32000.0,33000.0,33000.0,48000.0,34000.0,32000.0,33000.0,32000.0,32000.0,33000.0,33000.0,32000.0,31000.0,33000.0,32000.0,31000.0,31000.0,32000.0,39000.0,32000.0,31000.0,34000.0,31000.0,32000.0,32000.0,33000.0,32000.0,32000.0,32000.0,33000.0,31000.0,30000.0,32000.0,31000.0,31000.0,31000.0,31000.0,31000.0,31000.0,31000.0,32000.0,31000.0
4096
3
33000.0,36000.0,35000.0,32000.0,34000.0,35000.0,34000.0,33000.0,33000.0,34000.0,35000.0,34000.0,33000.0,33000.0,34000.0,34000.0,33000.0,33000.0,32000.0,34000.0,33000.0,37000.0,34000.0,35000.0,38000.0,35000.0,37000.0,35000.0,35000.0,34000.0,34000.0,34000.0,34000.0,35000.0,33000.0,35000.0,34000.0,34000.0,35000.0,40000.0,47000.0,42000.0,39000.0,39000.0,49000.0,35000.0,36000.0,36000.0,35000.0,34000.0,35000.0,36000.0,35000.0,35000.0,35000.0,35000.0,34000.0,34000.0,38000.0,35000.0,36000.0,34000.0,37000.0,36000.0,36000.0,34000.0,35000.0,34000.0,35000.0,35000.0,36000.0,34000.0,33000.0,34000.0,34000.0,33000.0,37000.0,34000.0,35000.0,35000.0,35000.0,35000.0,35000.0,34000.0,35000.0,34000.0,35000.0,34000.0,36000.0,34000.0,34000.0,33000.0,37000.0,40000.0,39000.0,44000.0,42000.0,39000.0,38000.0,41000.0
4096
4
37000.0,37000.0,39000.0,36000.0,37000.0,36000.0,63000.0,37000.0,38000.0,36000.0,37000.0,36000.0,51000.0,39000.0,36000.0,36000.0,36000.0,35000.0,38000.0,35000.0,38000.0,37000.0,35000.0,35000.0,40000.0,36000.0,35000.0,35000.0,35000.0,36000.0,36000.0,36000.0,39000.0,55000.0,35000.0,35000.0,37000.0,36000.0,35000.0,37000.0,36000.0,35000.0,36000.0,37000.0,35000.0,36000.0,37000.0,35000.0,35000.0,35000.0,35000.0,38000.0,36000.0,36000.0,36000.0,35000.0,36000.0,35000.0,36000.0,34000.0,36000.0,36000.0,35000.0,35000.0,36000.0,35000.0,35000.0,36000.0,36000.0,36000.0,37000.0,36000.0,36000.0,35000.0,36000.0,37000.0,36000.0,37000.0,38000.0,36000.0,38000.0,36000.0,35000.0,35000.0,36000.0,36000.0,36000.0,35000.0,36000.0,36000.0,36000.0,38000.0,43000.0,38000.0,38000.0,39000.0,37000.0,37000.0,65000.0,39000.0
4096
5
46000.0,40000.0,52000.0,67000.0,42000.0,53000.0,38000.0,38000.0,39000.0,40000.0,38000.0,38000.0,39000.0,39000.0,38000.0,40000.0,60000.0,39000.0,37000.0,39000.0,38000.0,38000.0,37000.0,39000.0,37000.0,38000.0,37000.0,37000.0,37000.0,42000.0,39000.0,38000.0,39000.0,39000.0,40000.0,41000.0,39000.0,39000.0,37000.0,39000.0,38000.0,37000.0,37000.0,37000.0,38000.0,38000.0,38000.0,45000.0,41000.0,41000.0,41000.0,41000.0,41000.0,53000.0,43000.0,75000.0,47000.0,60000.0,42000.0,40000.0,41000.0,39000.0,40000.0,38000.0,39000.0,40000.0,38000.0,40000.0,38000.0,39000.0,67000.0,39000.0,38000.0,39000.0,38000.0,39000.0,38000.0,37000.0,39000.0,37000.0,37000.0,38000.0,39000.0,37000.0,47000.0,40000.0,41000.0,41000.0,38000.0,42000.0,37000.0,38000.0,38000.0,37000.0,39000.0,39000.0,39000.0,38000.0,37000.0,37000.0
4096
6
42000.0,49000.0,46000.0,45000.0,44000.0,43000.0,47000.0,49000.0,45000.0,56000.0,56000.0,71000.0,42000.0,42000.0,41000.0,43000.0,41000.0,41000.0,41000.0,42000.0,40000.0,40000.0,42000.0,41000.0,40000.0,42000.0,40000.0,41000.0,41000.0,41000.0,40000.0,40000.0,40000.0,39000.0,40000.0,41000.0,40000.0,42000.0,41000.0,41000.0,42000.0,39000.0,42000.0,44000.0,40000.0,39000.0,41000.0,39000.0,40000.0,39000.0,81000.0,40000.0,56000.0,58000.0,51000.0,48000.0,46000.0,45000.0,67000.0,47000.0,57000.0,61000.0,83000.0,47000.0,47000.0,47000.0,47000.0,44000.0,42000.0,44000.0,43000.0,43000.0,43000.0,42000.0,43000.0,41000.0,40000.0,40000.0,41000.0,41000.0,41000.0,42000.0,40000.0,42000.0,40000.0,39000.0,41000.0,40000.0,41000.0,44000.0,54000.0,43000.0,41000.0,42000.0,44000.0,39000.0,39000.0,40000.0,40000.0,40000.0
